param dec_tau deg_g rec  
x: -6.98777 -6.98534 -6.98549 
z: 1082.3 1079.67 1079.83 
t: 1.18733e+13 1.19219e+13 1.1919e+13 
r: 4.47656e+24 4.48369e+24 4.48326e+24 
