LS Recombination 
x: -6.98534 -6.98549 
z: 1079.67 1079.83 
t: 1.19219e+13 1.1919e+13 
r: 4.48338e+24 4.48295e+24 
