LS Recombination 
x: -7.15485 -7.14035 
z: 1279.3 1260.87 
t: 8.95009e+12 9.17336e+12 
r: 4.00332e+24 4.04295e+24 
