param dec_tau deg_g rec  
x: -7.15809 -7.15485 -7.14035 
z: 1283.46 1279.3 1260.87 
t: 8.90085e+12 8.9501e+12 9.17336e+12 
r: 3.99479e+24 4.00363e+24 4.04326e+24 
